87603402 5 3 1 3 3 2 3
87603402 3 4 4 1 3 5 1
87603402 1 3 1 1 3 2 3
87603402 3 2 1 1 3 2 3
87603402 3 5 3 2 1 2 3
87603402 3 4 2 3 1 5 1
87603402 3 3 1 1 3 2 2
87603402 1 1 2 3 2 3 2
87603402 2 2 2 4 2 3 1
87603402 4 4 1 2 2 2 3
87603402 3 5 2 2 3 2 1
87603402 3 3 2 4 3 1 3
87603402 1 3 3 1 1 3 5
87603402 2 2 3 3 4 2 2
87603402 5 2 5 1 4 1 4
87603402 2 5 2 3 2 1 3
87603402 5 1 1 3 4 4 1
87603402 5 2 3 3 2 2 1
87603402 1 1 4 2 2 3 5
87603402 1 5 4 2 2 2 5
87603402 1 3 4 1 4 1 4
87603402 2 1 5 1 2 3 2
87603402 1 4 5 1 1 1 4
87603402 1 3 4 2 1 5 2
87603402 4 1 4 3 2 2 4
87603402 2 3 4 4 1 1 5
87603402 5 3 2 2 4 2 1
87603402 2 5 1 4 2 4 3
87603402 2 4 5 2 3 4 5
87603402 3 3 3 2 5 3 4
87603402 4 1 2 4 4 4 1
87603402 2 2 5 3 5 1 4
87603402 3 4 4 5 4 5 2
87603402 1 3 4 3 4 3 4
87603402 1 4 3 3 3 5 4
87603402 5 2 1 5 4 3 1
87603402 1 5 4 3 4 4 2
87603402 4 4 5 2 2 3 3
87603402 2 3 4 4 3 4 5
87603402 3 1 5 4 2 5 4
87603402 1 4 1 5 5 5 2
87603402 3 2 4 5 4 4 3
87603402 1 3 4 4 5 4 2
87603402 3 1 3 5 4 3 4
87603402 4 5 3 1 5 3 1
87603402 3 5 1 4 4 5 3
87603402 3 4 5 5 2 2 3
87603402 2 3 3 3 5 5 4
87603402 4 2 2 5 5 4 4
87603402 1 4 2 5 4 3 5
87603402 2 2 1 4 5 1 4
87603402 2 1 5 4 4 5 4
87603402 4 4 4 3 4 1 4
87603402 3 5 5 3 2 1 4
87603402 5 5 3 1 5 1 2
87603402 5 5 5 3 3 2 3
87603402 3 3 2 1 5 4 5
87603402 5 2 5 4 2 3 5
87603402 5 3 3 5 3 2 4
87603402 2 2 2 1 5 4 5
87603402 2 5 3 1 5 2 4
87603402 4 4 3 2 5 2 2
87603402 3 5 2 4 4 5 3
87603402 1 1 3 4 4 4 3
87603402 1 1 5 4 4 5 4
87603402 4 2 3 4 3 1 4
87603402 4 3 2 3 5 4 5
87603402 3 2 2 5 3 2 5
87603402 5 5 1 3 4 1 2
87603402 5 5 1 4 3 3 5
87603402 1 2 5 2 5 3 5
87603402 5 5 3 1 5 2 4
87603402 5 5 3 5 2 4 3
87603402 4 4 3 4 5 3 5
87603402 5 2 2 4 5 5 4
87603402 5 5 2 4 5 5 3
87603402 3 5 1 4 5 4 5
87603402 2 3 4 5 5 4 4
87603402 2 5 4 3 5 5 5
87603402 4 5 5 3 4 4 5
87603402 1 14 3 14 5 12 12
87603402 30 3 12 12 5 12 12
87603402 47 12 15 3 5 12 12
87603402 49 12 3 15 5 3 12
87603402 47 14 12 12 5 12 12
30093092 15 14 15 3 5 13 52
87603402 63 3 15 12 5 14 12
87603402 85 12 13 12 5 3 14
87603402 89 12 14 3 5 14 12
87603402 81 12 3 14 5 14 12
87603402 92 12 14 12 5 12 15
86873950 26 54 15 14 5 52 15
23852481 93 13 14 13 5 15 54
88304321 62 14 13 52 5 55 15
58820571 14 54 55 15 5 52 55
15085816 28 52 15 53 5 15 54
19965741 24 54 53 15 5 55 54
13060801 45 15 52 54 5 14 53
37937391 23 54 3 53 5 53 54
80513125 59 13 13 52 5 54 52
85599995 5 2 3 5 3 2 1
31881432 1 3 1 2 5 1 5
12189255 4 2 5 1 3 5 5
79059429 2 1 4 4 4 4 3
26791935 4 5 5 2 2 3 3
87298399 1 4 4 4 1 5 5
81790116 1 3 1 4 2 2 1
31728201 3 1 4 4 1 4 2
23420573 4 4 2 5 1 2 2
10258285 1 5 1 5 1 2 2
23177441 4 1 4 3 2 1 5
22780393 2 4 3 3 5 2 4
71323147 4 5 5 3 1 3 1
93480443 2 3 1 3 4 2 3
62120641 3 1 1 4 2 1 3
76615201 2 3 4 3 5 1 5
71903270 1 5 1 3 4 5 1
37287521 3 4 1 4 1 2 2
22514174 1 3 2 5 1 5 1
90325874 5 4 3 3 4 1 1
89125757 2 3 5 3 5 5 2
60840334 4 1 5 1 3 4 4
90642847 1 1 4 2 3 1 1
23885478 2 5 5 3 2 2 3
51230177 3 3 5 1 1 4 3
69811820 4 2 5 2 3 2 4
71106021 2 5 2 3 3 3 5
91614857 3 5 2 4 4 5 4
12655384 5 5 5 3 3 2 3
35585403 4 1 4 2 1 3 1
89698088 3 3 3 5 5 3 5
40982653 5 2 2 5 4 1 3
13110211 5 2 1 1 1 4 1
23434522 1 3 2 5 1 2 2
52880217 1 4 5 5 3 5 5
45342918 5 4 1 3 3 2 3
39295463 3 5 1 2 5 5 5
97402665 5 3 4 5 1 3 3
48289240 5 5 4 5 1 2 2
18578442 4 2 4 4 3 2 4
13749470 4 3 2 4 1 5 1
24954165 4 4 1 4 5 5 1
16847291 3 4 5 5 2 4 3
63299634 5 3 1 1 3 5 4
72982405 2 2 4 3 4 5 5
12280326 1 2 5 3 4 5 3
26592773 3 1 2 5 1 4 2
48522841 1 3 1 3 3 5 2
49878696 1 3 4 3 2 1 4
10301201 3 5 4 4 3 5 1
48891816 4 5 3 2 2 4 1
79757666 4 5 4 4 3 3 3
56682325 3 2 2 1 2 2 3
82211295 2 1 5 5 5 5 1
52440951 3 4 3 1 4 4 3
46228343 5 5 3 5 4 5 2
40274653 4 1 1 1 3 3 3
37766981 4 4 2 1 3 5 1
72765073 2 1 5 1 3 4 2
52667834 5 4 2 1 4 1 2
44531895 5 4 5 5 4 4 4
79945763 5 3 1 3 3 4 2
33069764 4 2 3 3 5 1 5
66576558 3 4 4 2 2 3 2
90916534 3 2 3 5 5 1 4
27420452 2 2 2 2 5 2 3
97226969 5 4 4 4 2 2 4
86477366 4 5 5 4 3 4 2
61712707 4 2 2 1 2 2 3
85651172 4 3 4 3 4 5 4
39439820 5 3 4 4 4 4 2
56751911 4 1 3 3 3 5 5
61396505 5 3 2 4 4 2 4
75256828 2 5 5 4 3 5 5
98300711 2 4 3 4 2 4 1
96892447 3 2 5 2 4 4 4
19774321 2 1 4 3 1 3 1
95010593 2 3 1 4 2 1 1
32486278 4 1 4 4 2 4 2
42368019 1 2 5 2 2 1 2
50438100 4 1 5 4 1 3 5
37268918 4 2 5 2 1 2 5
72722740 2 2 5 2 4 1 3
25066542 2 3 4 5 3 5 4
34224500 5 3 4 5 1 2 5
49867174 2 1 2 4 4 3 2
92731625 3 2 3 3 4 5 3
64679244 2 2 1 2 5 2 3
16422999 2 1 1 5 1 4 2
30751493 1 5 4 2 1 2 1
71413656 1 3 4 1 3 5 5
73878742 3 4 5 5 5 3 2
82513510 1 1 3 1 3 3 4
85258598 5 5 5 5 4 2 5
13918600 5 4 3 1 2 3 1
57317425 5 5 3 4 3 4 1
97450577 3 2 5 1 2 4 1
85157033 5 4 4 4 2 4 1
27368615 1 1 5 4 2 2 2
92493390 3 3 5 1 2 5 1
98784177 2 4 4 4 2 4 2
38121351 1 4 3 3 4 3 5
24014692 4 1 5 5 3 2 3
94496167 3 3 1 4 5 5 4
40994238 5 4 1 1 5 4 4
66327269 4 5 4 5 4 3 1
91160660 2 2 4 3 3 1 2
99653631 2 3 1 4 5 3 4
90005978 5 5 4 5 3 5 5
79822414 2 1 3 4 3 2 5
38181433 4 2 4 4 5 1 3
66975043 3 4 2 3 1 1 4
51685264 3 1 5 2 2 3 5
33640939 2 3 3 1 3 5 5
69750210 4 4 2 4 5 3 1
86734200 5 1 5 2 4 2 5
82377929 3 4 5 4 2 4 2
93433733 2 2 2 2 3 2 1
98604426 3 4 2 3 2 5 2
22309141 2 1 5 3 4 2 3
48413473 4 5 1 4 1 3 1
93541039 1 4 2 3 4 4 4
50612715 2 5 2 3 3 2 1
56571829 4 2 3 1 4 2 2
72770897 3 4 5 3 4 4 5
74167417 4 5 2 3 5 4 2
80665087 2 3 2 3 3 2 3
48549458 5 2 2 2 1 2 4
75584288 4 4 5 2 1 1 4
13562798 4 5 1 3 1 5 4
57647927 2 4 4 3 2 3 3
26309741 3 2 2 3 1 2 3
11788738 4 2 1 4 1 2 3
99588187 4 2 5 4 5 1 3
45502837 4 5 4 5 4 1 1
96843833 5 5 4 4 5 2 3
44112585 5 2 5 4 4 3 3
74364365 2 2 4 3 1 2 5
55117659 4 2 5 5 4 3 2
42133826 1 1 1 1 4 3 4
85191616 1 2 4 1 5 5 4
59380139 4 1 4 2 2 4 1
15358673 5 2 3 5 4 2 2
76169359 2 4 5 5 1 5 1
13948283 3 3 2 2 2 5 5
87334277 3 2 5 1 3 1 3
50344035 1 2 2 1 4 5 1
20716609 5 4 5 2 5 3 5
94131876 1 5 2 1 2 5 1
91614956 3 4 3 5 2 3 1
97197674 5 1 2 1 3 5 1
83067825 3 1 2 2 2 5 1
90065997 3 4 3 1 1 3 2
14151033 5 5 2 4 4 4 2
84841509 4 1 2 1 4 4 1
80676333 2 1 2 4 2 4 2
32962636 5 2 2 4 3 2 4
33643853 5 5 1 1 4 3 1
71092607 3 3 2 2 1 5 2
48393623 3 5 1 5 3 5 2
34741554 1 5 2 2 2 3 3
71139563 5 1 1 5 4 3 2
59851216 1 2 5 5 5 5 1
53910516 3 5 4 3 2 1 1
44077719 5 2 4 3 5 5 3
56419285 3 3 3 1 4 3 2
34103917 4 3 2 1 5 2 1
72969200 4 1 5 3 3 1 1
92394546 2 1 4 4 2 5 4
65508575 2 4 4 3 4 3 3
29176316 5 2 1 1 2 1 1
25855574 3 5 3 1 3 4 3
22651450 3 1 2 5 1 5 4
83281197 1 5 4 2 2 3 4
97836899 5 2 2 3 1 2 5
59091602 4 3 5 3 3 3 4
35677254 2 3 5 3 5 5 4
87529900 4 3 2 5 3 5 2
69338202 1 5 4 5 5 4 5
90654507 4 3 2 4 1 3 3
69284208 5 3 1 1 5 1 4
47565191 3 3 4 2 3 4 2
28687275 4 5 5 1 4 1 4
14836286 1 3 2 5 4 3 5
56675189 2 5 4 1 3 4 5
78856260 4 4 4 4 4 2 1
23086924 1 4 2 5 2 2 3
91425143 4 1 1 2 5 1 3
92282446 5 5 2 3 4 3 3
19497032 2 2 2 2 2 4 5
48318398 2 5 4 1 1 5 2
21443907 2 4 1 3 1 3 3
28297681 1 2 1 1 5 3 4
53146628 5 1 2 1 3 3 3
31859882 4 5 2 5 3 3 1
64888207 4 2 1 3 3 3 3
50637259 5 5 4 3 2 1 1
71971444 5 2 2 5 1 3 1
38766478 3 4 5 3 2 4 1
29864338 5 2 2 1 2 4 3
52941237 1 4 3 1 4 3 3
75628111 5 2 1 2 3 4 5
91992264 4 2 5 1 2 3 2
66875158 1 1 4 4 3 4 4
44323433 5 2 5 5 5 1 5
96291037 2 5 4 1 4 1 4
98455698 3 3 4 1 5 4 4
54124419 3 1 1 5 3 1 1
96922010 2 5 3 3 2 2 1
86616372 3 1 4 2 2 1 5
54545517 2 2 2 3 5 3 1
55408577 1 1 5 2 3 1 4
81773577 3 5 4 3 4 1 5
37196777 2 5 5 5 1 4 1
86651387 4 4 1 1 2 3 3
50074591 5 4 3 3 5 2 3
77889991 3 5 2 3 2 4 5
44328300 4 1 5 2 4 3 1
93303210 3 5 1 5 3 3 4
69588117 2 2 2 4 3 2 2
53655431 2 3 1 3 3 5 1
82721605 5 5 3 4 3 2 1
96390858 5 5 3 1 4 3 5
95380713 2 1 4 3 2 3 1
36880998 2 4 4 2 2 2 3
85765259 2 4 3 5 1 5 1
45289104 5 2 3 4 4 3 5
86629668 3 2 4 5 1 1 1
31083792 1 4 3 5 5 5 5
45041939 2 5 4 3 1 1 2
22257172 5 4 3 1 5 1 5
24741908 3 2 3 4 2 2 2
43042183 5 3 4 1 1 2 1
77530462 5 3 3 4 4 3 5
10719537 1 4 1 3 1 5 2
76506240 5 5 1 1 3 2 4
65232053 5 1 5 1 5 4 1
50774543 1 3 4 3 2 4 2
29655330 3 5 3 2 4 5 4
88769176 5 2 5 2 5 1 2
39189402 2 3 4 1 2 5 1
11619924 3 5 3 3 1 1 1
32323867 2 5 1 2 3 1 2
47314505 5 3 3 4 1 4 4
96840670 1 4 5 4 4 3 3
85222229 4 1 2 2 2 5 5
17497645 3 1 5 5 4 5 1
86045523 3 1 1 3 3 1 1
63957788 1 5 5 4 3 4 5
40826098 1 2 5 4 5 4 1
20234339 2 3 3 5 2 1 2
90043561 1 2 5 4 3 4 2
34100212 5 4 4 3 4 3 5
78760899 3 1 5 5 3 5 1
89551693 5 1 3 3 5 4 3
88121257 5 5 4 4 5 1 2
46413895 3 5 5 4 4 5 4
78610614 3 4 2 3 2 1 2
25093712 4 3 1 5 1 2 1
50116009 2 4 1 3 3 4 5
86000671 3 5 2 4 3 1 3
17979102 2 3 4 5 4 5 1
10210206 4 5 3 5 3 2 3
41339710 4 3 5 3 1 2 5
79324064 2 2 1 4 3 1 4
51724703 1 3 5 3 2 2 1
37963074 2 1 4 5 5 1 5
76172231 2 5 4 1 3 4 1
11558594 2 2 2 5 5 2 3
53360599 2 4 5 2 2 1 4
45480525 1 1 5 5 5 2 1
78073172 3 2 3 4 3 2 4
90162625 3 1 2 1 5 1 4
98424022 4 2 4 2 2 5 2
63970204 3 3 5 5 4 2 3
25864107 2 3 1 5 4 1 3
60703115 1 1 4 2 1 2 3
37502841 4 4 3 4 3 1 3
12280084 1 1 5 4 2 4 3
36389787 1 4 2 5 2 5 3
70104582 1 5 3 4 2 4 1
14719363 2 4 5 3 1 2 2
91969736 4 4 2 1 3 5 4
48597601 5 5 5 3 4 5 4
74531429 4 5 2 5 3 5 5
36641074 1 1 4 4 5 2 4
57522887 4 5 2 2 1 4 4
65651943 5 3 2 3 4 5 5
93035182 1 5 1 1 4 2 5
67093787 2 1 3 5 5 1 5
48661992 3 1 5 4 3 2 4
94826303 3 3 5 1 2 2 3
16078827 5 2 3 2 3 1 3
48809997 5 2 3 2 1 2 1
12570203 5 3 3 1 4 3 2
76790264 1 2 3 2 3 5 4
26860779 1 2 4 5 1 3 3
63361738 1 3 5 4 5 1 5
50781829 3 1 4 2 3 5 4
56475999 2 2 1 3 1 1 5
97623472 2 1 4 3 5 3 5
10309180 5 3 3 5 5 3 5
34850031 1 2 2 2 2 3 1
45860000 4 3 5 2 1 3 1
44619519 2 4 4 2 3 3 2
63057157 5 3 4 4 3 2 5
80813925 4 2 5 2 2 5 4
48992850 1 2 2 3 4 4 3
66730475 5 2 1 1 5 3 5
98848976 1 2 4 2 1 5 2
79334602 5 3 5 4 5 3 4
61068460 5 2 5 4 4 2 4
69312817 3 2 4 4 4 2 3
47527490 4 1 2 1 3 3 4
87143105 5 4 4 1 3 3 4
74223497 1 4 2 5 2 2 3
45666659 1 4 3 1 2 5 1
60489864 5 1 1 3 3 2 4
77651715 3 4 5 3 3 1 2
76110981 1 5 3 2 4 1 4
47113984 2 3 3 4 2 2 5
77431980 3 2 1 5 4 3 4
63570397 1 3 2 3 4 4 3
28128183 2 2 3 5 2 1 1
69318495 2 2 2 1 4 2 1
60450441 1 1 1 1 5 1 1
65240210 3 4 4 4 1 2 3
72363964 3 5 2 1 3 3 5
55027327 1 4 3 3 2 2 2
34729144 1 3 1 1 4 3 1
58407019 5 2 1 3 4 2 5
91641011 2 3 4 2 3 4 4
37632307 4 3 5 1 3 1 5
58129236 4 1 4 1 3 1 4
83926564 4 1 1 4 1 3 4
54786775 3 4 5 4 5 4 1
12184811 3 5 3 1 1 5 3
34693489 5 4 5 3 4 5 1
38058865 1 2 3 4 1 1 5
18390839 2 4 5 5 3 2 2
70545033 3 5 2 4 2 4 3
33963679 3 4 3 3 5 1 4
17347173 1 4 3 2 4 3 2
11377394 1 4 1 5 1 5 3
77164959 1 5 2 4 1 1 5
75839934 4 1 2 5 3 3 3
57487441 1 3 1 3 3 5 4
14087420 4 5 1 3 5 3 3
72982598 4 5 4 3 1 5 4
76861237 2 1 3 3 3 2 1
93193787 2 4 3 4 4 3 5
51889409 3 5 5 1 1 2 3
36491871 4 5 5 5 1 4 5
67396378 1 2 2 2 1 3 2
47109059 1 3 5 1 1 5 1
35802710 1 4 1 5 3 4 5
76787214 5 2 4 3 3 5 1
86852858 1 1 1 1 3 5 5
96645526 5 5 3 1 5 1 3
20372323 1 5 1 3 2 2 5
55414553 4 4 3 3 1 1 2
81956650 3 1 1 1 2 1 4
11792445 2 5 3 2 5 1 2
48724137 1 3 4 3 5 3 1
58208031 2 5 1 2 4 4 1
22998177 5 3 2 3 3 5 1
25395489 4 2 5 4 4 4 2
85709894 5 4 1 3 1 5 3
70404192 4 4 4 5 3 5 4
26334244 1 1 2 4 1 3 1
60304264 3 2 3 3 2 2 1
41896080 3 1 2 4 2 3 5
68065691 2 2 1 3 3 5 3
16362988 3 1 5 5 3 1 5
65971433 5 3 5 2 4 3 2
86197103 5 4 5 5 2 4 3
96489950 1 5 3 4 4 5 1
97471395 1 3 5 5 3 4 4
67428735 1 5 5 5 3 3 3
15715841 3 3 3 4 4 2 2
94324473 3 3 1 2 2 4 2
42881100 5 4 2 3 1 5 2
33016976 4 4 4 5 2 5 4
25139745 2 3 5 4 2 4 4
95238105 4 2 2 1 3 4 5
80933638 1 3 5 2 5 4 1
23851900 1 2 3 2 5 5 5
89241649 2 2 4 5 3 1 4
56295230 2 1 1 5 5 3 4
69978655 4 4 1 4 3 1 1
58442400 3 5 5 4 1 2 4
54321951 1 4 2 3 4 5 1
58898210 5 3 4 3 1 2 3
31310687 1 2 3 2 2 1 5
33513815 4 2 3 4 3 3 3
80979576 5 1 3 2 2 5 2
79156647 1 5 2 3 4 3 4
14985840 2 2 5 5 2 4 2
17657058 1 2 3 4 2 3 3
12590393 1 4 3 1 2 4 2
92844861 2 2 5 5 3 4 5
32715234 3 2 1 2 3 3 5
54012029 4 2 2 5 3 2 5
86597819 1 1 1 4 5 1 1
44048799 1 3 3 5 1 5 2
41007384 2 5 2 3 4 5 2
10926762 5 5 1 2 2 2 2
50084636 2 3 1 3 1 2 5
84509621 2 4 2 5 3 1 2
22899000 3 2 3 4 2 3 3
32164149 1 4 3 2 2 4 5
68056869 4 4 1 3 3 5 2
84154418 2 2 4 5 5 5 5
50040829 2 3 4 4 3 3 3
43355823 5 2 3 4 1 1 5
62086578 1 3 5 2 4 2 3
55216786 5 3 4 5 3 1 4
20738083 1 2 2 3 4 4 3
50605330 4 3 5 5 4 5 5
56750240 2 5 5 4 1 2 4
86198483 3 2 2 5 5 3 5
60603121 3 1 3 5 5 1 1
15626807 1 1 5 4 4 2 2
90935766 5 5 5 3 5 1 2
55471080 1 2 2 4 1 4 1
96436893 4 5 3 4 5 3 2
29868257 4 2 4 3 4 3 4
14328459 1 4 2 4 4 1 2
65114199 1 4 3 3 1 3 3
93350560 1 1 5 4 5 1 3
46761531 2 1 4 1 2 4 2
79777611 3 1 2 3 1 5 2
66555107 2 1 1 2 4 4 2
34777239 2 2 5 2 1 3 2
99454049 1 3 3 2 4 1 5
77144935 1 5 4 2 3 5 3
74151519 1 2 3 3 2 1 2
54835960 1 5 4 4 5 2 3
66365324 5 3 1 4 5 1 2
54895145 3 1 1 5 4 3 5
57818534 1 4 4 3 1 1 1
35826008 2 5 4 2 4 4 3
44784205 1 3 2 3 2 2 4
53351205 5 3 4 1 4 5 1
94965036 3 1 1 1 3 1 3
16515951 4 1 1 5 1 4 3
79014026 3 5 3 5 2 1 4
44018437 3 4 5 1 2 5 3
63877945 5 5 3 4 4 4 4
32951886 3 3 2 2 4 3 3
95678312 5 3 3 2 3 5 3
45172962 3 5 2 1 1 3 4
56958584 3 2 5 2 3 1 2
94061749 2 5 5 4 4 3 4
68204712 4 5 3 2 1 1 1
32045824 2 2 3 3 1 3 4
80406405 1 2 1 5 3 1 5
10547240 3 1 2 2 4 3 3
47475919 5 1 3 5 5 5 1
65692045 4 4 2 5 3 4 5
63359744 3 5 5 1 4 3 1
35716072 1 4 3 3 3 5 3
56854776 4 3 1 2 2 4 3
74424987 5 4 3 4 3 2 1
84140142 5 4 5 5 3 1 4
15058314 2 2 2 1 4 4 2
82329170 1 3 4 4 2 1 3
20965155 5 5 3 4 1 1 3
77813641 4 2 4 2 4 2 5
83355351 3 2 4 1 5 4 4
43746985 4 5 3 4 5 5 4
74930742 3 2 1 4 1 1 5
25230703 5 2 1 4 3 1 4
26202753 4 1 4 2 2 3 2
41577153 5 4 4 4 1 4 4
89833123 4 4 2 3 4 1 5
35537969 5 2 2 3 5 3 1
35482341 5 5 4 5 4 5 2
44784148 5 2 3 1 4 1 1
47458881 5 5 2 5 2 3 5
68867875 4 3 5 3 4 4 3
11380956 4 4 5 4 1 1 5
61462352 2 4 2 2 2 5 4
83740981 2 1 4 4 3 3 4
57005689 4 1 1 5 3 4 3
41949182 2 5 2 3 4 1 4
17552341 3 4 3 1 4 2 3
47479476 4 5 2 2 2 3 2
65478267 5 5 4 4 3 5 5
86479932 2 3 3 4 2 5 4
25564824 1 4 5 3 3 4 4
50745023 4 1 1 2 4 2 1
75764469 3 5 5 5 2 3 4
25743283 4 2 4 3 5 3 2
79238834 4 4 5 1 4 3 3
81430707 1 4 4 1 2 1 5
85998476 2 1 5 1 4 5 5
76115256 5 3 5 2 4 5 2
79923485 1 4 5 1 2 5 4
59097933 4 4 1 2 2 4 5
