77971553 4 3 5 3 3 1 2
77971553 1 2 5 3 3 3 3
77971553 3 3 3 5 3 1 1
77971553 2 1 4 4 2 4 1
77971553 5 2 3 3 2 2 2
77971553 1 2 5 4 2 1 2
77971553 2 5 2 1 3 4 1
77971553 5 3 3 2 2 1 2
77971553 3 2 4 2 2 5 4
77971553 2 1 2 2 1 4 5
77971553 4 4 1 2 3 2 3
77971553 4 3 2 1 3 4 4
77971553 4 3 5 2 2 1 1
77971553 2 3 2 2 4 3 2
77971553 3 1 5 4 1 2 5
77971553 1 1 1 2 2 5 5
77971553 2 4 2 5 2 2 2
77971553 1 2 4 2 2 5 3
77971553 2 2 3 1 1 5 3
77971553 2 3 4 1 5 1 3
77971553 1 5 4 1 1 3 2
77971553 2 5 2 3 2 5 1
77971553 2 3 1 5 1 4 1
77971553 5 2 5 1 3 1 1
77971553 3 4 1 3 2 1 4
77971553 3 3 1 5 1 2 2
77971553 2 2 1 4 5 1 2
77971553 1 2 3 1 5 4 3
77971553 1 3 4 4 2 2 3
77971553 2 1 5 3 3 4 4
77971553 5 1 5 3 5 2 2
77971553 2 1 4 5 5 4 1
77971553 5 2 3 5 3 4 1
77971553 4 4 2 2 5 5 1
77971553 4 1 5 1 4 3 5
77971553 4 2 1 3 4 4 4
77971553 3 3 2 3 4 5 2
77971553 4 3 5 3 4 1 2
77971553 5 1 5 5 5 2 1
77971553 4 3 3 5 3 3 2
77971553 4 4 4 4 2 1 4
77971553 4 5 4 4 3 5 3
77971553 1 2 2 5 4 1 4
77971553 5 5 4 2 1 4 3
77971553 5 2 1 4 3 5 2
77971553 3 5 1 4 5 1 4
77971553 5 3 2 4 1 4 5
77971553 3 2 1 5 2 5 2
77971553 3 4 4 2 4 3 5
77971553 5 5 2 3 4 2 5
77971553 5 2 1 4 5 2 4
77971553 5 5 5 5 1 2 2
77971553 4 3 3 2 3 5 2
77971553 5 5 3 5 4 1 1
77971553 1 1 1 4 5 5 5
77971553 4 2 5 2 5 2 4
77971553 5 1 3 5 5 3 4
77971553 5 3 5 5 3 1 4
77971553 2 4 4 4 2 4 2
77971553 3 5 3 1 5 5 2
77971553 3 2 3 4 3 4 4
77971553 2 4 3 1 5 2 5
77971553 4 1 3 4 5 3 5
77971553 5 5 5 2 1 4 4
77971553 3 3 4 2 5 3 3
77971553 4 4 4 3 5 3 1
77971553 5 3 5 5 3 5 1
77971553 5 2 4 2 5 2 3
77971553 1 3 4 5 5 3 3
77971553 2 3 3 2 4 5 4
77971553 1 4 2 5 5 5 1
77971553 2 1 5 5 5 4 2
77971553 2 5 3 3 3 3 3
77971553 5 1 4 3 2 5 5
77971553 3 3 4 4 5 3 2
77971553 4 4 3 3 4 1 3
77971553 2 2 2 2 5 5 4
77971553 2 3 5 4 3 2 5
77971553 5 4 5 3 5 3 5
77971553 3 3 4 4 4 5 5
77971553 6 14 12 14 5 15 14
77971553 13 15 12 12 5 15 13
77971553 33 12 13 12 5 12 3
77971553 30 14 12 12 5 12 14
77971553 46 3 12 14 5 12 12
33792953 4 53 15 15 5 3 15
77971553 43 15 14 12 5 12 12
14788217 1 52 54 15 5 15 14
77971553 91 3 14 3 5 12 12
77971553 90 12 14 15 5 3 3
77971553 92 13 12 12 5 12 3
77971553 100 3 15 14 5 15 14
26603733 24 14 13 14 5 54 52
43442947 68 54 15 15 5 15 15
24975844 34 15 55 53 5 14 14
20521891 44 15 52 53 5 15 13
30389931 77 3 52 15 5 54 55
85060491 85 3 54 54 5 53 13
31545632 46 15 53 53 5 55 55
23658718 88 53 13 55 5 55 3
91603920 4 1 5 3 2 3 1
68510552 5 3 5 4 5 2 2
37747430 1 2 2 2 1 3 3
47630776 2 5 1 3 5 4 2
15065223 4 2 4 5 3 1 4
44650680 3 2 5 3 3 5 2
83669234 3 1 2 1 3 1 1
75584713 5 1 1 2 5 5 4
83346535 5 2 5 1 5 5 5
65969563 4 2 3 2 1 5 3
47217648 3 4 2 5 4 2 1
44137684 5 4 5 1 4 5 5
30950612 5 5 5 2 4 5 2
33769793 3 4 5 2 5 3 3
69898222 4 5 5 1 4 3 3
22431250 3 2 2 1 3 3 5
49300807 1 3 1 4 4 1 1
56792916 5 4 1 1 5 5 1
56844004 5 3 2 2 5 1 4
66283923 2 3 4 3 3 4 1
73042188 5 5 3 1 3 3 2
34539491 1 5 3 5 2 4 2
98565773 1 3 2 1 1 3 5
17910051 2 5 2 3 2 3 2
10535570 5 2 1 3 4 1 1
63355190 2 1 5 5 4 1 3
39805354 3 3 5 5 3 1 4
68536512 1 3 1 5 5 2 4
67690298 5 2 5 3 3 1 2
25080253 1 2 5 2 2 2 2
57790185 1 5 4 5 2 3 3
98641687 1 4 1 2 1 4 5
15711226 5 1 3 3 4 1 5
80757248 2 5 2 2 2 3 5
70421136 5 2 4 1 2 5 4
85449515 1 1 2 1 5 3 2
64501632 2 4 3 1 4 1 1
54229800 2 5 5 3 2 1 2
78694351 1 2 1 2 5 1 5
75736829 1 1 5 4 1 1 1
93716693 1 5 4 2 3 1 4
66642366 3 1 3 1 4 1 2
32193913 2 2 2 3 5 4 2
64723397 4 3 1 5 2 1 3
52843722 1 1 4 3 3 3 1
34038960 3 1 5 2 4 4 5
51417735 1 4 3 3 3 2 3
61062036 3 5 1 3 2 3 3
36838617 5 2 3 2 2 3 5
65033329 2 4 3 5 5 5 4
81094516 2 1 2 1 4 1 5
60059302 1 3 3 1 4 5 2
31831731 1 1 5 1 3 3 4
51707224 4 5 5 5 4 4 2
56265981 2 2 2 3 3 5 4
73864536 1 1 1 1 3 2 4
24851621 5 5 2 5 5 2 4
36617363 3 3 3 1 2 4 2
62451675 3 5 4 3 1 1 5
10341794 2 4 4 2 3 3 2
18733365 2 4 3 4 2 3 4
76813368 5 4 2 4 5 4 3
25562115 3 2 4 4 2 4 2
57712687 4 5 1 1 4 1 2
53694060 2 1 5 1 2 1 5
70972104 4 5 1 5 2 4 3
27983827 2 4 4 1 1 1 1
24509905 1 4 2 5 1 1 1
88432006 5 5 4 1 1 5 2
28087283 2 5 2 1 3 4 1
96241952 4 5 1 2 2 5 1
12155233 3 2 5 1 1 1 4
47990804 5 2 4 2 1 1 1
16220952 1 2 3 1 5 1 1
38446011 4 3 5 3 4 3 3
70867372 4 5 4 1 3 3 4
25868936 4 5 3 3 1 1 3
27766346 1 4 4 1 1 4 4
49034882 5 5 2 3 5 1 4
27727047 3 2 2 5 3 4 3
53092670 2 1 1 1 2 2 3
67875359 1 3 3 4 5 2 4
81875455 3 2 4 1 1 1 2
57939843 2 2 5 5 1 5 4
90103448 4 1 4 3 3 2 3
20805759 2 2 3 1 1 1 3
35485806 1 3 5 1 2 2 3
65265409 4 2 4 4 3 1 1
76605683 4 3 4 5 5 1 2
38306583 2 1 4 4 5 4 3
26756120 5 2 1 5 5 4 1
79719254 5 2 2 5 5 5 1
67221580 4 5 2 2 2 1 3
39416044 1 3 5 2 4 1 1
40212934 3 3 4 3 1 3 3
63463360 1 4 5 2 5 4 4
41258005 4 1 4 2 5 5 2
98962686 2 4 5 4 2 2 2
67588512 4 3 1 5 4 2 2
37709023 5 2 2 2 2 1 3
10352264 4 4 5 1 4 5 3
14605351 5 3 2 1 3 4 4
34006298 1 3 4 1 1 4 3
24127108 4 2 2 5 4 5 1
17265873 1 5 3 3 4 2 1
55407939 3 4 4 2 2 5 3
74202478 5 4 4 3 2 2 5
12245759 2 2 5 1 4 3 2
79129363 4 1 5 3 2 5 4
25751995 1 1 2 5 3 4 4
21206961 5 3 3 1 4 2 4
18090077 3 2 1 3 1 5 5
92095406 2 1 5 5 1 2 5
25559339 5 2 3 4 1 1 3
74537829 4 3 1 2 2 3 3
64518110 1 1 2 3 2 4 2
21417397 3 1 1 4 4 2 3
24188237 1 3 1 1 3 2 3
30993500 3 1 3 2 2 2 3
11523792 5 3 3 1 2 2 3
18454644 1 1 4 2 2 1 4
99816027 3 3 1 3 3 5 4
64775536 1 2 2 1 2 4 3
93296372 4 2 3 1 4 1 1
46932796 5 5 1 5 5 2 2
75100653 2 2 2 2 1 4 2
85840375 2 2 3 5 5 2 1
79087983 1 5 2 1 4 3 2
76748689 4 1 5 1 1 5 4
49179317 4 1 2 1 2 3 3
18875929 4 3 3 1 1 1 3
60727819 5 3 1 1 5 4 5
42649251 2 4 3 5 2 5 2
95440503 2 5 1 1 3 1 2
84161169 3 4 1 3 3 3 5
87291679 4 3 4 3 5 2 3
66715006 5 5 3 4 4 2 1
39150651 3 2 5 2 1 5 5
69825523 3 1 1 4 2 3 3
80645826 5 1 1 4 4 1 5
74780988 2 1 5 3 2 4 3
74887233 3 3 4 1 4 4 1
64971107 1 5 5 3 3 2 5
93891633 5 5 5 5 5 5 3
60171616 4 1 4 4 4 2 3
90670855 1 5 2 3 5 4 4
24104928 4 1 5 2 3 2 3
97807565 4 2 2 5 4 5 3
64587035 3 1 4 1 4 2 2
61185230 4 5 5 2 1 3 4
37524609 2 1 1 1 3 4 5
30087251 4 1 4 4 1 5 2
79606409 1 4 4 1 5 1 1
78235938 3 1 2 2 1 1 5
55955779 5 3 5 5 1 4 5
46044874 1 4 5 5 4 3 4
74137853 1 5 2 4 2 4 2
79371467 5 4 1 2 2 5 1
40098758 1 2 4 2 2 1 3
12218108 5 4 3 3 3 4 3
10873543 2 2 3 2 4 3 4
26660195 3 5 5 5 5 2 3
23227790 4 2 4 4 5 1 2
65403006 2 2 5 2 1 3 1
59158888 4 1 4 5 3 5 4
77631266 5 5 3 2 4 2 2
55015445 1 3 5 2 3 4 1
29587553 3 1 2 5 1 2 2
33097987 1 1 5 5 5 1 4
26106563 1 4 5 5 3 3 1
48137715 3 4 3 1 1 3 3
87751025 1 5 5 5 4 3 5
30345816 1 1 3 4 5 4 2
65461168 1 3 1 5 5 5 1
38648418 5 5 1 3 5 5 4
79154978 4 1 4 2 4 4 3
45993644 5 5 1 4 4 3 5
63717258 4 5 1 2 3 2 1
32347373 4 2 3 4 5 5 2
51266432 5 5 4 4 3 3 4
92281071 1 4 5 2 1 2 1
74256611 5 3 3 4 5 1 4
30374159 1 4 1 2 4 3 1
40806824 5 5 2 5 2 4 3
23425027 2 2 4 2 5 4 3
69926391 3 3 2 2 3 1 4
60645026 5 2 2 4 1 4 4
82517765 1 2 3 5 3 2 3
33256127 1 1 2 1 4 4 2
30101312 2 5 2 3 5 5 3
72423240 3 2 1 2 2 2 3
67104425 1 1 4 5 3 3 2
34435614 2 5 2 5 1 1 4
60190243 1 3 4 5 3 4 2
58811243 1 3 2 2 2 3 1
21068850 3 3 1 3 1 5 3
77121577 5 5 5 2 1 5 4
56725423 5 2 3 1 4 4 3
85772253 2 5 5 4 1 5 4
90294760 3 5 5 4 4 2 4
23661717 1 2 3 2 2 3 2
11591716 4 2 4 2 2 4 1
54160759 3 3 1 2 4 1 1
11372371 2 3 5 4 5 3 2
36142412 1 2 5 2 5 2 4
96766660 3 4 2 4 2 4 3
45477622 2 1 5 2 2 3 5
33483893 3 3 1 1 1 2 3
98902332 1 1 4 1 5 2 1
88152924 5 3 5 3 5 3 4
47104008 5 3 4 1 5 3 1
51333430 4 4 1 5 2 3 1
81757526 1 4 1 3 2 3 2
88922871 3 1 3 4 4 3 1
68622215 5 1 5 4 3 1 1
50140397 5 2 1 3 5 3 5
64039850 4 4 5 3 4 4 1
62086852 4 5 2 1 3 3 5
19008430 1 2 1 5 5 2 5
40298708 3 3 1 4 5 4 3
16371927 2 3 4 3 4 3 1
42947110 2 5 4 1 4 3 4
75388648 4 2 1 4 4 5 1
76944926 2 1 1 2 5 4 3
82556107 3 5 5 3 5 2 5
52929236 3 5 4 2 1 4 5
57560145 5 3 2 5 3 3 3
86883885 5 5 3 4 5 2 4
85825421 4 3 3 4 5 5 1
70837322 3 1 2 4 1 2 5
34652776 4 2 3 1 2 5 2
46782320 3 4 2 5 5 5 4
81318130 3 2 1 2 3 2 1
21781825 1 2 3 5 2 1 5
77535969 5 3 4 2 5 1 1
20999866 4 3 3 2 5 1 4
44799743 4 4 3 2 1 3 5
95388744 5 1 5 1 1 2 5
23480087 5 4 5 3 4 3 1
41367059 4 3 2 5 1 3 1
47550386 4 1 4 3 1 3 1
50807649 3 4 4 5 1 1 2
47419669 4 1 2 1 1 1 4
53780905 4 4 5 5 2 2 2
74315022 1 5 3 3 3 1 1
38910279 4 3 4 3 3 5 2
80703540 4 3 4 5 4 5 5
67294542 2 5 4 2 3 4 4
53451028 1 5 5 4 3 1 5
56470466 4 5 5 3 3 5 1
66037709 4 3 1 3 1 2 3
52603995 4 3 2 3 1 2 4
95303437 5 5 2 2 3 4 2
21711785 2 3 3 2 3 1 3
16598859 3 2 4 5 2 5 1
70559660 5 2 5 1 2 5 2
11126997 1 2 4 2 5 3 1
29065024 4 4 3 4 2 2 2
88170448 4 5 1 1 2 5 5
78818105 1 2 1 3 5 4 5
43738966 2 5 2 5 3 5 2
12654172 5 3 4 2 5 1 2
85869095 2 4 5 3 3 1 4
86901812 4 1 5 4 1 1 1
21718418 2 2 3 1 1 3 2
95159627 1 3 1 3 5 4 1
61878962 2 3 1 3 3 1 4
95807389 4 4 2 1 3 5 3
87842350 4 5 5 4 5 4 2
32721620 4 2 2 2 1 3 1
73868574 4 3 3 3 3 2 1
72357554 3 3 5 3 5 2 4
15928849 4 1 3 5 2 3 3
67978793 3 3 5 2 2 5 4
95160852 3 5 3 2 3 1 4
49208745 5 1 4 2 5 4 2
75726678 5 1 2 4 5 1 3
93709493 2 3 1 1 1 4 5
53279435 2 3 2 2 2 3 5
89430294 5 4 2 1 3 5 3
81182940 2 2 4 1 2 4 5
69250821 1 1 1 3 2 3 2
13998071 2 1 5 4 4 1 4
88136344 4 3 4 1 1 3 1
40498767 3 3 4 3 4 3 1
51216315 1 5 5 1 3 4 4
37804509 1 3 3 2 2 1 1
52291798 5 5 3 4 4 2 1
74150549 2 4 2 5 3 1 4
18167831 1 5 1 3 3 3 1
10396882 1 1 3 5 2 2 1
14762077 3 1 3 4 5 3 1
53311633 5 1 2 5 1 3 1
48303279 4 2 1 3 3 3 5
32573022 3 1 4 4 5 1 1
57340167 4 2 5 4 3 4 2
29643837 3 4 3 2 5 3 4
17824353 2 2 3 3 2 1 3
48267586 5 4 4 3 1 2 2
60562030 2 5 1 1 3 1 2
48010690 5 1 1 1 4 4 3
36431870 4 2 3 1 4 5 4
78132863 4 4 2 3 2 3 3
26102776 1 5 2 2 4 4 5
14668776 1 1 5 2 1 3 1
83067124 3 2 4 1 3 1 4
45557874 5 3 1 2 1 2 4
64109467 1 2 1 2 4 3 1
88159294 3 5 3 3 2 1 2
98289572 5 4 1 2 2 2 2
56127869 5 2 2 1 5 1 2
75199719 4 4 3 4 5 1 1
74966548 4 2 3 5 2 3 2
38454392 5 5 1 4 5 4 2
19573838 4 2 4 3 1 4 1
58239684 2 2 1 3 1 2 3
43070037 1 2 4 1 2 3 3
79591352 3 2 4 1 1 4 3
35777896 5 3 1 1 2 5 2
76250285 3 5 2 2 1 2 4
12490866 4 1 5 2 3 3 4
31668867 5 3 3 2 1 3 5
67555069 5 4 2 5 4 3 5
17538497 5 2 5 3 1 4 3
39279136 3 2 2 3 2 1 2
56044126 2 4 3 4 5 1 5
51984334 5 2 2 3 4 4 5
79814131 2 2 4 1 2 5 4
38714749 4 4 1 5 5 5 5
36446645 1 5 1 4 3 1 4
65518728 3 3 1 4 1 4 5
91691841 2 5 2 3 4 1 2
31820755 1 1 2 5 3 3 3
31063047 3 4 2 1 4 5 5
29629457 1 2 3 1 4 1 1
70402005 1 2 4 3 2 2 1
75730815 2 2 2 2 5 5 4
87073072 4 2 2 3 4 4 2
84516635 3 2 5 4 5 3 1
96960424 5 1 2 2 2 2 3
74320231 4 3 1 2 3 2 5
22259435 4 3 3 2 3 2 1
17698551 1 5 5 1 2 3 5
20720788 2 5 1 1 4 4 4
77236012 2 1 4 1 4 2 5
61577183 1 5 4 4 3 2 5
88420528 2 4 1 5 5 4 2
91364691 2 5 3 5 1 1 4
35642526 2 4 2 2 2 5 1
68867204 1 4 1 4 2 1 5
75056775 1 5 3 4 3 5 3
54476376 2 1 2 3 5 3 5
35161969 3 1 2 3 1 2 3
25501149 3 4 2 3 3 3 4
71033186 5 1 2 3 5 2 5
74942270 4 2 3 1 1 3 5
62705236 3 5 4 3 1 1 5
13520844 3 2 1 4 4 5 3
27400126 5 2 5 5 5 3 1
37919544 5 2 2 4 5 1 5
41360648 4 1 3 5 4 1 5
39948198 5 4 1 5 5 1 1
70210999 3 4 1 2 3 3 3
79739616 2 5 3 2 4 1 1
59070344 2 4 2 2 1 4 1
52396956 3 1 1 4 3 5 5
44935530 4 2 2 1 3 3 3
78751482 3 4 2 3 1 1 1
18192176 5 2 4 2 1 5 1
51536992 3 1 2 2 4 5 1
92263686 1 2 3 1 1 4 4
60301977 5 2 5 4 4 2 2
44996181 5 1 1 2 4 5 2
33079989 5 3 3 3 4 2 3
41177186 3 3 4 5 3 2 1
85719843 5 1 3 4 2 5 5
43247251 4 5 1 3 3 4 3
87117192 1 1 5 2 3 5 4
89960747 4 2 4 1 4 3 3
71245875 1 4 4 2 2 5 1
80610789 3 5 2 3 2 3 5
18439851 2 5 5 4 3 5 3
46910333 1 5 1 4 1 3 3
24509623 2 1 1 4 1 2 5
79667866 1 5 1 2 5 2 5
22349680 5 3 5 1 2 4 3
55879666 5 5 4 4 5 2 2
35957814 4 5 3 1 3 1 5
16257605 4 4 5 1 2 4 3
55911285 1 1 3 4 2 2 4
31887087 5 2 4 4 2 2 4
49326512 3 5 2 2 1 4 3
48179192 2 1 2 4 4 3 1
35406083 4 1 5 4 5 1 2
95907258 1 1 1 4 2 5 4
69049402 1 3 3 2 2 4 3
27099396 4 3 3 1 2 4 5
98177783 4 4 1 5 5 1 2
70601178 3 1 5 2 3 2 1
44783340 3 4 4 2 2 5 3
44237294 4 5 1 2 2 3 3
82409123 4 5 3 3 4 2 2
64173504 5 5 3 4 5 2 2
99695511 5 5 1 3 1 3 3
46678349 4 5 2 5 3 3 2
41708960 4 2 1 3 2 5 2
81089094 3 1 3 4 1 1 5
87227602 5 1 2 3 1 5 3
97473497 4 2 5 1 5 5 5
48881347 5 5 5 2 2 4 5
15753670 1 1 5 5 5 3 2
58622493 3 4 3 4 4 1 3
78517333 4 2 1 1 5 5 4
69431910 3 2 2 2 4 1 3
14763284 3 3 4 1 5 5 4
88792043 5 1 1 5 5 3 3
83726797 3 4 1 2 3 5 5
12894245 2 4 5 4 1 1 2
45236419 4 3 2 2 3 2 2
12931812 1 4 1 2 2 2 1
56872878 1 4 2 4 1 2 4
95272788 3 4 2 5 2 2 2
79625662 1 4 2 5 2 3 3
45440430 2 2 1 3 3 2 2
92114105 4 1 3 3 4 4 5
31255638 2 1 1 4 4 5 3
40261152 2 2 4 3 4 3 4
10692670 4 1 5 3 1 1 1
68541977 5 1 4 1 2 1 2
57030362 4 1 4 3 1 1 5
44096604 4 2 3 5 5 1 4
99819648 3 1 1 2 4 1 1
45109689 5 4 4 3 4 1 2
84601075 5 1 2 1 4 5 1
79695952 1 4 3 2 1 1 2
21021088 3 1 3 2 3 1 3
27087840 5 2 3 1 5 2 2
99958537 5 4 3 2 3 1 1
57615668 5 3 4 5 2 4 4
43717837 2 1 2 5 3 1 4
30572027 1 3 4 2 2 4 5
18031733 2 2 4 1 3 4 3
76357254 3 3 4 3 1 5 4
78595399 2 1 1 5 2 4 5
58138263 1 5 4 1 5 3 3
44712262 3 4 5 2 2 5 4
91293535 2 1 1 1 1 4 4
77854593 4 3 2 5 5 5 1
77815485 2 4 5 1 1 4 3
81098581 2 3 2 5 2 3 5
13533952 5 5 2 5 3 4 2
89185939 3 2 3 4 3 2 5
10115355 3 5 5 1 3 5 5
40502266 3 4 1 4 3 4 1
95435193 1 4 5 1 5 4 3
36125905 5 1 3 5 4 4 4
30629042 2 2 4 4 3 1 2
26341858 1 3 1 1 2 2 3
83642582 2 1 1 4 3 4 2
14480710 2 5 1 3 4 2 3
39592406 3 5 2 1 1 2 1
95613156 2 2 2 2 5 3 5
56229464 1 3 4 4 4 1 2
84617002 4 2 5 2 2 3 5
38140059 2 5 1 5 3 3 4
64820268 1 4 2 2 3 4 5
30152778 3 3 5 1 3 5 3
11711395 5 1 2 2 2 2 2
52205366 4 5 1 4 2 3 4
77808506 1 5 1 3 2 5 2
51578071 4 4 1 1 3 4 4
79454150 2 2 1 4 3 3 3
97688209 1 5 3 4 2 3 4
23932001 4 4 1 3 2 3 1
25851576 2 2 5 5 5 3 5
56580114 4 3 1 3 5 3 3
17090586 1 5 5 2 2 2 2
19668292 5 1 5 5 3 3 5
75469451 3 4 5 5 4 4 3
85304467 3 1 5 1 5 3 5
40120841 3 3 1 3 5 2 3
85429754 5 5 5 1 2 3 1
72147276 4 4 1 4 2 2 2
49873797 4 3 1 5 4 3 2
42618188 5 3 5 1 2 1 3
94426452 1 2 4 1 4 4 2
92826554 4 2 4 3 5 1 4
84599268 3 3 4 4 4 3 1
54655351 2 2 1 3 1 2 4
75520174 3 2 2 3 2 1 5
26801661 3 4 4 3 1 5 2
81442985 2 5 4 2 1 3 1
10425273 4 2 3 5 4 4 1
61858700 3 1 5 2 4 2 1
95295246 2 2 1 4 4 3 4
55524925 5 2 4 3 2 1 5
11625114 4 2 5 1 1 4 5
61435095 5 2 1 5 1 5 2
51976903 5 1 3 4 4 4 2
77769964 4 3 3 2 2 4 4
