38628844 50 0 0 0 5 0 0
94020602 56 0 0 0 5 0 0
15718606 62 0 0 0 5 0 0
69212162 72 0 0 0 5 0 0
37871482 77 0 0 0 5 0 0
37871482 32 12 3 12 5 3 12
17222104 78 0 0 0 5 0 0
37871482 77 0 0 0 5 0 0
37871482 91 0 0 0 5 0 0
37871482 89 0 0 0 5 0 0
37871482 92 0 0 0 5 0 0
37871482 86 0 0 0 5 0 0
37871482 88 0 0 0 5 0 0
65930749 73 255 1023 0 5 0 0
37871482 87 0 0 0 5 0 0
37871482 92 0 0 0 5 0 0
46507744 94 0 0 0 5 0 0
37871482 94 0 0 0 5 0 0
48748123 36 1023 0 0 5 0 0
61390339 45 0 0 0 5 1023 0
37871482 97 0 0 0 5 0 0
37871482 97 0 0 0 5 0 0
37871482 33 14 14 15 5 14 13
37871482 11 14 53 15 5 15 15
37871482 66 12 12 12 5 3 14
37871482 57 15 15 12 5 12 14
37871482 82 3 14 14 5 14 14
37871482 84 12 12 14 5 14 3
37871482 75 12 12 12 5 14 12
37871482 99 14 15 12 5 12 12
37871482 9 15 15 54 5 14 53
37871482 51 3 13 14 5 52 52
37871482 60 52 14 54 5 3 15
37871482 82 14 15 13 5 53 55
37871482 12 53 15 52 5 54 53
37871482 6 255 0 0 5 0 0
37871482 9 255 0 0 5 0 0
37871482 19 255 0 0 5 0 0
85074260 26 255 0 0 5 0 0
37871482 38 62 63 15 5 60 60
37871482 89 15 15 54 5 54 54
37871482 50 255 0 0 5 0 0
37871482 72 54 52 55 5 53 14
37871482 70 3 61 60 5 63 61
37871482 74 255 0 0 5 0 0
37871482 98 255 0 0 5 0 0
37871482 99 255 0 0 5 0 0
37871482 87 54 54 54 5 53 52
37871482 35 15 15 62 5 15 241
37871482 54 15 15 241 5 15 241
37871482 98 249 63 251 5 15 62
37871482 62 63 251 61 5 251 251
37871482 17 15 249 249 5 249 63
37871482 5 255 1023 0 5 0 0
37871482 20 255 1023 0 5 0 0
37871482 21 255 1023 0 5 0 0
37871482 51 255 1023 0 5 0 0
37871482 66 255 1023 0 5 0 0
37871482 71 255 1023 0 5 0 0
37871482 67 241 62 241 5 15 249
37871482 1 0 0 0 5 1023 0
37871482 69 63 63 241 5 241 249
37871482 1 241 241 249 5 249 15
37871482 9 0 0 0 5 1023 0
37871482 23 1023 0 0 5 0 0
37871482 30 0 0 0 5 1023 0
37871482 31 0 0 0 5 1023 0
37871482 32 1023 0 0 5 0 0
37871482 37 1017 0 0 5 0 0
37871482 40 0 0 0 5 1023 0
37871482 47 0 0 0 5 0 1023
37871482 42 15 245 245 5 253 245
37871482 60 1023 0 0 5 0 0
37871482 68 1023 0 0 5 0 0
37871482 70 0 0 0 5 1022 0
37871482 71 1023 0 0 5 0 0
37871482 70 0 0 0 5 1023 0
37871482 84 1023 0 0 5 0 0
37871482 72 249 251 241 5 241 241
37871482 71 63 63 251 5 63 988
37871482 55 1023 1023 0 5 0 0
37871482 97 1023 1023 0 5 0 0
37871482 98 15 62 253 5 251 988
37871482 77 1022 1022 0 5 0 255
37871482 99 63 255 1022 5 255 0
37871482 54 255 1023 0 5 255 1023
37871482 69 255 1022 0 5 255 1022
37871482 72 255 255 1023 5 255 0
37871482 88 253 255 247 5 989 991
37871482 82 1022 255 255 5 255 1021
37871482 31 989 253 991 5 15 255
37871482 94 1022 1023 0 5 255 1023
37871482 52 251 255 989 5 991 251
37871482 35 0 1023 1023 5 1023 0
37871482 55 0 1023 1021 5 1023 0
37871482 80 1023 1023 1021 5 255 0
37871482 41 255 255 990 5 990 991
37871482 40 990 988 991 5 989 63
37871482 53 15 1020 1020 5 1023 1020
37871482 74 991 991 990 5 988 988
