29547453 26 0 0 0 5 0 0
33471014 31 0 0 0 5 0 0
86579047 55 0 0 0 5 0 0
82031846 62 0 0 0 5 0 0
82031846 64 0 0 0 5 0 0
82031846 63 0 0 0 5 0 0
82031846 68 0 0 0 5 0 0
82031846 31 12 3 3 5 12 14
82031846 13 14 12 12 5 12 12
49924557 70 0 0 0 5 0 0
82031846 15 14 3 12 5 12 14
26952487 80 0 0 0 5 0 0
82031846 81 0 0 0 5 0 0
82031846 90 0 0 0 5 0 0
82031846 92 0 0 0 5 0 0
34423279 92 0 0 0 5 0 0
82031846 91 0 0 0 5 0 0
82031846 88 0 0 0 5 0 0
82031846 32 12 13 15 5 12 12
82031846 57 3 12 12 5 14 14
82031846 15 54 15 3 5 15 15
82031846 39 14 14 12 5 14 14
82031846 52 12 14 15 5 12 12
82031846 36 3 3 13 5 54 14
10589540 47 1023 0 255 5 0 0
82031846 37 53 15 13 5 15 15
10421465 42 0 0 1023 5 0 0
51986926 53 1023 1023 0 5 0 0
82031846 67 3 15 14 5 13 53
82031846 22 15 3 52 5 54 15
82031846 71 14 14 3 5 54 54
82031846 49 14 15 15 5 55 55
82031846 52 15 15 15 5 61 61
82031846 73 0 255 0 5 0 0
82031846 5 53 55 54 5 53 13
82031846 52 54 53 55 5 15 15
82031846 66 54 13 15 5 52 54
82031846 55 15 63 60 5 62 15
82031846 33 62 15 15 5 241 63
82031846 63 15 15 60 5 241 62
82031846 60 15 15 62 5 60 249
82031846 25 62 62 15 5 241 241
82031846 11 0 1023 0 5 0 0
82031846 22 0 1023 0 5 0 0
82031846 21 0 1023 0 5 0 0
82031846 25 0 1023 0 5 0 0
60491077 91 0 1023 0 5 0 0
82031846 87 0 1023 0 5 0 0
82031846 94 0 1023 0 5 0 0
82031846 28 15 15 247 5 251 63
82031846 94 15 241 241 5 63 63
82031846 84 63 62 62 5 241 241
82031846 39 255 255 255 5 0 0
82031846 92 243 61 15 5 251 251
82031846 82 241 61 63 5 241 241
82031846 45 251 63 62 5 255 255
82031846 13 63 15 251 5 251 255
82031846 90 15 63 253 5 247 251
82031846 59 0 1021 255 5 0 0
82031846 71 0 0 0 5 0 1023
82031846 83 1023 0 0 5 0 0
82031846 66 249 249 241 5 249 61
82031846 97 63 255 255 5 251 251
82031846 4 1023 0 255 5 0 0
82031846 2 1023 0 255 5 0 0
82031846 30 1023 0 255 5 0 0
82031846 46 1023 0 255 5 0 0
82031846 74 1023 0 255 5 0 0
82031846 5 0 0 1023 5 0 0
82031846 21 0 0 1023 5 0 0
82031846 22 0 0 1023 5 0 0
82031846 39 0 0 1023 5 0 0
82031846 47 0 0 1023 5 0 0
82031846 51 0 0 1023 5 0 0
82031846 79 1022 255 255 5 0 0
82031846 3 1023 1023 0 5 0 0
82031846 59 1023 1023 0 5 0 0
82031846 91 1023 991 0 5 0 0
82031846 77 1023 1023 0 5 0 0
82031846 80 1023 1023 0 5 0 0
82031846 87 1023 1023 0 5 0 0
82031846 82 255 0 1023 5 0 0
82031846 38 255 255 255 5 1022 255
82031846 100 1023 1023 255 5 0 0
82031846 36 0 1021 1023 5 0 0
82031846 29 253 253 15 5 990 990
82031846 73 0 0 255 5 1023 1023
82031846 49 255 63 255 5 1022 1023
82031846 98 988 251 251 5 989 247
82031846 37 255 255 255 5 1020 1020
82031846 21 1022 1021 1023 5 0 0
82031846 40 0 1023 1023 5 0 1021
82031846 61 1023 1023 1023 5 0 0
82031846 93 1023 1023 1023 5 0 0
82031846 91 255 1023 255 5 1022 1022
82031846 85 255 1022 1022 5 0 1022
82031846 85 991 247 255 5 989 991
82031846 15 991 989 990 5 255 255
82031846 25 63 255 1021 5 1020 1023
82031846 12 255 255 1022 5 1021 1021
